 10 
 30 
 0 
 0 
 0 
 0 
 0 
 0 
 0 
 0 
 0 
 0 
 0 
 0 
 0 
 0 
 0 
 0 
 0 
 0 
 0 
 0 
 0 
 0 
 0 
 8 
 8 
 8 
 8 
 8 
 8 
 8 
 0 
 14 
 0 
 15 
 15 
 15 
 15 
 15 
 15 
 15 
 15 
 15 
 15 
 15 
 15 
 15 
 15 
 15 
 15 
 15 
 15 
 15 
 15 
 15 
 15 
 15 
 15 
 8 
 8 
 8 
 0 
 14 
 0 
 7 
 7 
 7 
 7 
 7 
 7 
 7 
 7 
 7 
 7 
 7 
 7 
 7 
 7 
 7 
 7 
 7 
 7 
 7 
 0 
 0 
 0 
 0 
 0 
 15 
 15 
 15 
 0 
 14 
 0 
 7 
 7 
 7 
 7 
 7 
 7 
 7 
 7 
 7 
 7 
 7 
 7 
 7 
 7 
 7 
 7 
 7 
 7 
 7 
 0 
 0 
 0 
 0 
 0 
 0 
 0 
 0 
 0 
 0 
 0 
 0 
 0 
 0 
 0 
 0 
 0 
 0 
 0 
 0 
 0 
 0 
 0 
 0 
 0 
 0 
 0 
 0 
 0 
 0 
 0 
 0 
 0 
 0 
 0 
 8 
 8 
 8 
 0 
 14 
 0 
 15 
 15 
 15 
 15 
 15 
 15 
 15 
 15 
 15 
 15 
 15 
 15 
 15 
 15 
 15 
 15 
 15 
 15 
 15 
 15 
 15 
 15 
 15 
 15 
 8 
 8 
 8 
 0 
 14 
 0 
 7 
 7 
 7 
 7 
 7 
 7 
 7 
 7 
 7 
 7 
 7 
 7 
 7 
 7 
 7 
 7 
 7 
 7 
 7 
 0 
 0 
 0 
 0 
 0 
 15 
 15 
 15 
 0 
 14 
 0 
 7 
 7 
 7 
 7 
 7 
 7 
 7 
 7 
 7 
 7 
 7 
 7 
 7 
 7 
 7 
 7 
 7 
 7 
 7 
 0 
 0 
 0 
 0 
 0 
 0 
 0 
 0 
 0 
 14 
 0 
 7 
 7 
 7 
 7 
 7 
 7 
 7 
 7 
 7 
 7 
 7 
 7 
 7 
 7 
 7 
 7 
 7 
 7 
 7 
 0 
 0 
 0 
 0 
 0 
 8 
 8 
 8 
 0 
 0 
 0 
 0 
 0 
 0 
 0 
 0 
 0 
 0 
 0 
 0 
 0 
 0 
 0 
 0 
 0 
 0 
 0 
 0 
 0 
 0 
 0 
 8 
 8 
 8 
 8 
 8 
 8 
 8 
