 10 
 30 
 8 
 8 
 8 
 8 
 8 
 8 
 8 
 8 
 8 
 8 
 8 
 8 
 8 
 8 
 8 
 8 
 8 
 8 
 8 
 8 
 8 
 8 
 8 
 8 
 8 
 8 
 8 
 8 
 8 
 8 
 8 
 14 
 14 
 14 
 14 
 14 
 14 
 14 
 4 
 4 
 4 
 4 
 4 
 4 
 4 
 4 
 4 
 4 
 4 
 4 
 4 
 4 
 4 
 4 
 4 
 4 
 4 
 4 
 4 
 8 
 8 
 14 
 0 
 0 
 0 
 0 
 0 
 14 
 4 
 4 
 8 
 8 
 8 
 8 
 8 
 8 
 8 
 8 
 8 
 8 
 8 
 8 
 8 
 8 
 8 
 8 
 8 
 8 
 4 
 8 
 8 
 14 
 14 
 14 
 14 
 14 
 14 
 14 
 4 
 4 
 4 
 4 
 4 
 4 
 4 
 4 
 4 
 4 
 4 
 4 
 4 
 4 
 4 
 4 
 4 
 4 
 4 
 4 
 4 
 8 
 8 
 14 
 14 
 14 
 14 
 14 
 14 
 14 
 4 
 4 
 4 
 4 
 4 
 4 
 4 
 4 
 4 
 4 
 4 
 4 
 4 
 4 
 4 
 4 
 4 
 4 
 4 
 4 
 4 
 8 
 8 
 14 
 14 
 14 
 14 
 14 
 14 
 14 
 4 
 4 
 4 
 4 
 4 
 4 
 4 
 4 
 4 
 4 
 4 
 4 
 4 
 4 
 4 
 4 
 4 
 4 
 4 
 4 
 4 
 8 
 8 
 14 
 14 
 14 
 14 
 14 
 14 
 14 
 4 
 4 
 4 
 4 
 4 
 4 
 4 
 4 
 4 
 4 
 4 
 4 
 4 
 4 
 4 
 4 
 4 
 4 
 4 
 4 
 4 
 8 
 8 
 14 
 14 
 14 
 14 
 14 
 14 
 14 
 4 
 4 
 4 
 4 
 4 
 4 
 4 
 4 
 4 
 4 
 4 
 4 
 4 
 4 
 4 
 4 
 4 
 4 
 4 
 4 
 4 
 8 
 8 
 14 
 14 
 14 
 14 
 14 
 14 
 14 
 4 
 4 
 4 
 4 
 4 
 4 
 4 
 4 
 4 
 4 
 4 
 4 
 4 
 4 
 4 
 4 
 4 
 4 
 4 
 4 
 4 
 8 
 8 
 8 
 8 
 8 
 8 
 8 
 8 
 8 
 8 
 8 
 8 
 8 
 8 
 8 
 8 
 8 
 8 
 8 
 8 
 8 
 8 
 8 
 8 
 8 
 8 
 8 
 8 
 8 
 8 
 8 
